{
 "cells": [
  {
   "cell_type": "code",
   "execution_count": 2,
   "metadata": {
    "collapsed": true
   },
   "outputs": [],
   "source": [
    "import nba_data, ml\n",
    "data_30_train = nba_data.run_predictions_simulation('2015-10-20', '2016-05-01', 30)\n",
    "data_30 = nba_data.run_predictions_simulation('2016-10-30', '2017-04-13', 30)\n",
    "# data_test = nba_data.run_predictions_simulation('2016-11-04', '2016-11-05', 10)"
   ]
  },
  {
   "cell_type": "code",
   "execution_count": 5,
   "metadata": {
    "collapsed": true
   },
   "outputs": [],
   "source": [
    "import pandas as pd\n",
    "from pandas.plotting import scatter_matrix\n",
    "from sklearn.linear_model import Lasso, LinearRegression\n",
    "from sklearn.feature_selection import SelectFromModel, VarianceThreshold\n",
    "import math\n",
    "\n",
    "def get_dataframe(dataset):\n",
    "\tcols = ['fg2',\n",
    "\t        'fg2m',\n",
    "\t        'fg3',\n",
    "\t        'fg3m',\n",
    "\t        'ft',\n",
    "\t        'ftm',\n",
    "\t        'orb',\n",
    "\t        'drb',\n",
    "\t        'ast',\n",
    "\t        'stl',\n",
    "\t        'blk',\n",
    "\t        'tov',\n",
    "\t        'pf',\n",
    "\t        'pts']\n",
    "\n",
    "\toutcomes_all, predictions_all = [], []\n",
    "\n",
    "\tfor game in dataset:\n",
    "\t    outcomes_all.extend(game[1][3])\n",
    "\t    predictions_all.append(game[0][0])\n",
    "\t    predictions_all.append(game[0][1])\n",
    "\n",
    "\tdf = pd.DataFrame(predictions_all, columns=cols)\n",
    "# \tdf['is_home'] = pd.Series([1 if i % 2 != 0 else 0 for i in range(len(predictions_all))])\n",
    "\tdf['outcome'] = pd.Series(outcomes_all, index=df.index)\n",
    "\treturn df\n",
    "\n",
    "\n",
    "def train_model(train, target):\n",
    "\tdf_train = get_dataframe(train)\n",
    "\tdf_predict = get_dataframe(target)\n",
    "\toutcomes_train = df_train['outcome']\n",
    "\toutcomes_predict = df_predict['outcome']\n",
    "\n",
    "\t# drop columns from train/predict df\n",
    "\tdf_train = df_train.drop(['outcome', 'pts'], axis=1)\n",
    "\tdf_predict = df_predict.drop(['outcome', 'pts'], axis=1)\n",
    "\n",
    "\tX, y = df_train, outcomes_train\n",
    "\tlasso = Lasso().fit(X, y)\n",
    "\tlinearreg = LinearRegression().fit(X, y)\n",
    "\n",
    "\tmodel = linearreg\n",
    "\n",
    "\tprint(model.coef_)\n",
    "\n",
    "\tX_predict, y_predict = df_predict, outcomes_predict\n",
    "\tpredictions = model.predict(X_predict)\n",
    "\n",
    "\treturn (predictions, outcomes_predict)\n",
    "\n",
    "\n",
    "def test_model(predictions_away, predictions_home, outcomes_away, outcomes_home, vegas):\n",
    "\tcorrect_guesses = 0\n",
    "\tprofit = 0\n",
    "\n",
    "\tfor i in range(len(vegas)):\n",
    "\t\tpredict_away, predict_home = predictions_away[i], predictions_home[i]\n",
    "\t\toutcome_away, outcome_home = outcomes_away[i], outcomes_home[i]\n",
    "\n",
    "\t\tspread_predicted = predict_away - predict_home\n",
    "\t\tspread_actual = outcome_away - outcome_home\n",
    "\t\tspread_vegas = vegas[i]\n",
    "\n",
    "\t\tif math.fabs(spread_actual - spread_predicted) < math.fabs(spread_actual - spread_vegas):\n",
    "\t\t\tcorrect_guesses += 1\n",
    "\t\t\tprofit += 100\n",
    "\t\t#             print(\"CORRECT\")\n",
    "\t\telse:\n",
    "\t\t\tprofit -= 110\n",
    "\n",
    "\t\t#         print(\"outcome: %s\\t predicted: %s \\t vegas: %s\" % (spread_actual, spread_predicted, spread_vegas))\n",
    "\n",
    "\tprint(correct_guesses / len(vegas))\n",
    "\tprint(profit)"
   ]
  },
  {
   "cell_type": "code",
   "execution_count": 6,
   "metadata": {},
   "outputs": [
    {
     "name": "stdout",
     "output_type": "stream",
     "text": [
      "[ 0.46221395 -0.25155187  0.38516115  0.33432983  0.33193296  0.13511733\n",
      "  0.46636413  0.15508689  0.62380757  0.05678903  0.14482467 -0.50428331\n",
      "  0.09878056]\n",
      "[ 0.38207474 -0.40316062  0.98480507 -0.14939812  0.31155511  0.01067929\n",
      "  0.51497133  0.35147166  0.51195518  0.77001795 -0.44174783 -0.20324436\n",
      "  0.08198358]\n",
      "0.558648111332008\n",
      "7360\n"
     ]
    }
   ],
   "source": [
    "predictions_away, outcomes_away = train_model(data_30_train[::2], data_30[::2])\n",
    "predictions_home, outcomes_home = train_model(data_30_train[1::2], data_30[1::2])\n",
    "vegas = [game[2] for game in data_30]\n",
    "\n",
    "test_model(predictions_away, predictions_home, outcomes_away, outcomes_home, vegas)"
   ]
  },
  {
   "cell_type": "code",
   "execution_count": 1,
   "metadata": {
    "collapsed": true
   },
   "outputs": [],
   "source": [
    "# from sklearn.linear_model import Lasso, LinearRegression\n",
    "# from sklearn.feature_selection import SelectFromModel, VarianceThreshold\n",
    "# import math\n",
    "\n",
    "# def train_model(train, target):\n",
    "#     df_train = ml.get_dataframe(train)\n",
    "#     df_predict = ml.get_dataframe(target)\n",
    "#     outcomes_train = df_train['outcome']\n",
    "#     outcomes_predict = df_predict['outcome']\n",
    "\n",
    "#     # drop columns from train/predict df\n",
    "#     df_train = df_train.drop(['outcome', 'pts'], axis=1)\n",
    "#     df_predict = df_predict.drop(['outcome', 'pts'], axis=1)\n",
    "\n",
    "#     X, y = df_train, outcomes_train\n",
    "#     lasso = Lasso().fit(X, y)\n",
    "#     linearreg = LinearRegression().fit(X, y)\n",
    "\n",
    "#     model = linearreg\n",
    "\n",
    "#     print(model.coef_)\n",
    "\n",
    "#     X_predict, y_predict = df_predict, outcomes_predict\n",
    "#     predictions = model.predict(X_predict)\n",
    "\n",
    "#     return (predictions, outcomes_predict)"
   ]
  },
  {
   "cell_type": "code",
   "execution_count": 10,
   "metadata": {},
   "outputs": [],
   "source": [
    "# def test_model(predictions_away, predictions_home, outcomes_away, outcomes_home, vegas):\n",
    "#     correct_guesses = 0\n",
    "#     profit = 0\n",
    "\n",
    "#     for i in range(len(vegas)):\n",
    "#         predict_away, predict_home = predictions_away[i], predictions_home[i]\n",
    "#         outcome_away, outcome_home = outcomes_away[i], outcomes_home[i]\n",
    "\n",
    "#         spread_predicted = predict_away - predict_home\n",
    "#         spread_actual = outcome_away - outcome_home\n",
    "#         spread_vegas = vegas[i]\n",
    "\n",
    "#         if math.fabs(spread_actual - spread_predicted) < math.fabs(spread_actual - spread_vegas):\n",
    "#             correct_guesses += 1\n",
    "#             profit += 100\n",
    "# #             print(\"CORRECT\")\n",
    "#         else:\n",
    "#             profit -= 110\n",
    "\n",
    "# #         print(\"outcome: %s\\t predicted: %s \\t vegas: %s\" % (spread_actual, spread_predicted, spread_vegas))\n",
    "\n",
    "#     print(correct_guesses / len(vegas))\n",
    "#     print(profit)"
   ]
  },
  {
   "cell_type": "code",
   "execution_count": 41,
   "metadata": {},
   "outputs": [
    {
     "name": "stdout",
     "output_type": "stream",
     "text": [
      "0.44731610337972166\n"
     ]
    }
   ],
   "source": [
    "# vegas = [game[2] for game in data_30]\n",
    "# predictions_away = [predictions[i] for i in range(len(predictions)) if i % 2 == 0]\n",
    "# predictions_home = [predictions[i] for i in range(len(predictions)) if i % 2 == 1]\n",
    "# outcomes_away = [outcomes_predict[i] for i in range(len(predictions)) if i % 2 == 0]\n",
    "# outcomes_home = [outcomes_predict[i] for i in range(len(predictions)) if i % 2 == 1]\n",
    "# correct_guesses = 0\n",
    "# profit = 0\n",
    "\n",
    "# for i in range(len(vegas)):\n",
    "#     predict_away, predict_home = predictions_away[i], predictions_home[i]\n",
    "#     outcome_away, outcome_home = outcomes_away[i], outcomes_home[i]\n",
    "\n",
    "#     spread_predicted = predict_away - predict_home\n",
    "#     spread_actual = outcome_away - outcome_home\n",
    "#     spread_vegas = vegas[i]\n",
    "    \n",
    "# #     bet_over = 1 if predicted_spread > vegas[i] else 0\n",
    "#     if math.fabs(spread_actual - spread_predicted) < math.fabs(spread_actual - spread_vegas):\n",
    "#         correct_guesses += 1\n",
    "#         profit += 100\n",
    "#     else:\n",
    "#         profit -= 110\n",
    "        \n",
    "# #     print(\"outcome: %s\\t predicted: %s \\t vegas: %s\" % (spread_actual, spread_predicted, spread_vegas))\n",
    "            \n",
    "# print(correct_guesses / len(vegas))"
   ]
  },
  {
   "cell_type": "code",
   "execution_count": 4,
   "metadata": {
    "scrolled": false
   },
   "outputs": [
    {
     "data": {
      "text/html": [
       "<div>\n",
       "<style>\n",
       "    .dataframe thead tr:only-child th {\n",
       "        text-align: right;\n",
       "    }\n",
       "\n",
       "    .dataframe thead th {\n",
       "        text-align: left;\n",
       "    }\n",
       "\n",
       "    .dataframe tbody tr th {\n",
       "        vertical-align: top;\n",
       "    }\n",
       "</style>\n",
       "<table border=\"1\" class=\"dataframe\">\n",
       "  <thead>\n",
       "    <tr style=\"text-align: right;\">\n",
       "      <th></th>\n",
       "      <th>fg</th>\n",
       "      <th>fga</th>\n",
       "      <th>fg3</th>\n",
       "      <th>fg3a</th>\n",
       "      <th>ft</th>\n",
       "      <th>fta</th>\n",
       "      <th>orb</th>\n",
       "      <th>drb</th>\n",
       "      <th>ast</th>\n",
       "      <th>stl</th>\n",
       "      <th>blk</th>\n",
       "      <th>tov</th>\n",
       "      <th>pf</th>\n",
       "      <th>pts</th>\n",
       "      <th>is_home</th>\n",
       "      <th>outcome</th>\n",
       "    </tr>\n",
       "  </thead>\n",
       "  <tbody>\n",
       "    <tr>\n",
       "      <th>fg</th>\n",
       "      <td>1.000000</td>\n",
       "      <td>0.924771</td>\n",
       "      <td>0.516578</td>\n",
       "      <td>0.499208</td>\n",
       "      <td>0.620659</td>\n",
       "      <td>0.628970</td>\n",
       "      <td>0.442771</td>\n",
       "      <td>0.751837</td>\n",
       "      <td>0.719983</td>\n",
       "      <td>0.552719</td>\n",
       "      <td>0.359681</td>\n",
       "      <td>0.571614</td>\n",
       "      <td>0.522923</td>\n",
       "      <td>0.966394</td>\n",
       "      <td>0.066253</td>\n",
       "      <td>0.172311</td>\n",
       "    </tr>\n",
       "    <tr>\n",
       "      <th>fga</th>\n",
       "      <td>0.924771</td>\n",
       "      <td>1.000000</td>\n",
       "      <td>0.471456</td>\n",
       "      <td>0.538409</td>\n",
       "      <td>0.631335</td>\n",
       "      <td>0.646419</td>\n",
       "      <td>0.518774</td>\n",
       "      <td>0.786488</td>\n",
       "      <td>0.627902</td>\n",
       "      <td>0.546022</td>\n",
       "      <td>0.323635</td>\n",
       "      <td>0.597358</td>\n",
       "      <td>0.571171</td>\n",
       "      <td>0.907362</td>\n",
       "      <td>0.072701</td>\n",
       "      <td>0.114381</td>\n",
       "    </tr>\n",
       "    <tr>\n",
       "      <th>fg3</th>\n",
       "      <td>0.516578</td>\n",
       "      <td>0.471456</td>\n",
       "      <td>1.000000</td>\n",
       "      <td>0.939150</td>\n",
       "      <td>0.348403</td>\n",
       "      <td>0.324435</td>\n",
       "      <td>-0.038045</td>\n",
       "      <td>0.374797</td>\n",
       "      <td>0.566136</td>\n",
       "      <td>0.278319</td>\n",
       "      <td>0.093014</td>\n",
       "      <td>0.317428</td>\n",
       "      <td>0.225644</td>\n",
       "      <td>0.635650</td>\n",
       "      <td>0.027789</td>\n",
       "      <td>0.210615</td>\n",
       "    </tr>\n",
       "    <tr>\n",
       "      <th>fg3a</th>\n",
       "      <td>0.499208</td>\n",
       "      <td>0.538409</td>\n",
       "      <td>0.939150</td>\n",
       "      <td>1.000000</td>\n",
       "      <td>0.381268</td>\n",
       "      <td>0.374304</td>\n",
       "      <td>0.030935</td>\n",
       "      <td>0.428674</td>\n",
       "      <td>0.537532</td>\n",
       "      <td>0.289630</td>\n",
       "      <td>0.071685</td>\n",
       "      <td>0.368144</td>\n",
       "      <td>0.267658</td>\n",
       "      <td>0.620955</td>\n",
       "      <td>0.038873</td>\n",
       "      <td>0.186436</td>\n",
       "    </tr>\n",
       "    <tr>\n",
       "      <th>ft</th>\n",
       "      <td>0.620659</td>\n",
       "      <td>0.631335</td>\n",
       "      <td>0.348403</td>\n",
       "      <td>0.381268</td>\n",
       "      <td>1.000000</td>\n",
       "      <td>0.960098</td>\n",
       "      <td>0.355776</td>\n",
       "      <td>0.530944</td>\n",
       "      <td>0.435428</td>\n",
       "      <td>0.470709</td>\n",
       "      <td>0.208592</td>\n",
       "      <td>0.528711</td>\n",
       "      <td>0.476003</td>\n",
       "      <td>0.763005</td>\n",
       "      <td>0.052662</td>\n",
       "      <td>0.135378</td>\n",
       "    </tr>\n",
       "    <tr>\n",
       "      <th>fta</th>\n",
       "      <td>0.628970</td>\n",
       "      <td>0.646419</td>\n",
       "      <td>0.324435</td>\n",
       "      <td>0.374304</td>\n",
       "      <td>0.960098</td>\n",
       "      <td>1.000000</td>\n",
       "      <td>0.408786</td>\n",
       "      <td>0.581953</td>\n",
       "      <td>0.422638</td>\n",
       "      <td>0.456276</td>\n",
       "      <td>0.219833</td>\n",
       "      <td>0.573405</td>\n",
       "      <td>0.493461</td>\n",
       "      <td>0.754450</td>\n",
       "      <td>0.051278</td>\n",
       "      <td>0.125563</td>\n",
       "    </tr>\n",
       "    <tr>\n",
       "      <th>orb</th>\n",
       "      <td>0.442771</td>\n",
       "      <td>0.518774</td>\n",
       "      <td>-0.038045</td>\n",
       "      <td>0.030935</td>\n",
       "      <td>0.355776</td>\n",
       "      <td>0.408786</td>\n",
       "      <td>1.000000</td>\n",
       "      <td>0.449554</td>\n",
       "      <td>0.129352</td>\n",
       "      <td>0.301315</td>\n",
       "      <td>0.253710</td>\n",
       "      <td>0.358716</td>\n",
       "      <td>0.428465</td>\n",
       "      <td>0.401699</td>\n",
       "      <td>0.027864</td>\n",
       "      <td>0.058309</td>\n",
       "    </tr>\n",
       "    <tr>\n",
       "      <th>drb</th>\n",
       "      <td>0.751837</td>\n",
       "      <td>0.786488</td>\n",
       "      <td>0.374797</td>\n",
       "      <td>0.428674</td>\n",
       "      <td>0.530944</td>\n",
       "      <td>0.581953</td>\n",
       "      <td>0.449554</td>\n",
       "      <td>1.000000</td>\n",
       "      <td>0.521946</td>\n",
       "      <td>0.393297</td>\n",
       "      <td>0.427868</td>\n",
       "      <td>0.552401</td>\n",
       "      <td>0.467832</td>\n",
       "      <td>0.740735</td>\n",
       "      <td>0.057119</td>\n",
       "      <td>0.070784</td>\n",
       "    </tr>\n",
       "    <tr>\n",
       "      <th>ast</th>\n",
       "      <td>0.719983</td>\n",
       "      <td>0.627902</td>\n",
       "      <td>0.566136</td>\n",
       "      <td>0.537532</td>\n",
       "      <td>0.435428</td>\n",
       "      <td>0.422638</td>\n",
       "      <td>0.129352</td>\n",
       "      <td>0.521946</td>\n",
       "      <td>1.000000</td>\n",
       "      <td>0.537288</td>\n",
       "      <td>0.279008</td>\n",
       "      <td>0.513564</td>\n",
       "      <td>0.267237</td>\n",
       "      <td>0.727088</td>\n",
       "      <td>0.053442</td>\n",
       "      <td>0.178771</td>\n",
       "    </tr>\n",
       "    <tr>\n",
       "      <th>stl</th>\n",
       "      <td>0.552719</td>\n",
       "      <td>0.546022</td>\n",
       "      <td>0.278319</td>\n",
       "      <td>0.289630</td>\n",
       "      <td>0.470709</td>\n",
       "      <td>0.456276</td>\n",
       "      <td>0.301315</td>\n",
       "      <td>0.393297</td>\n",
       "      <td>0.537288</td>\n",
       "      <td>1.000000</td>\n",
       "      <td>0.302398</td>\n",
       "      <td>0.437332</td>\n",
       "      <td>0.483737</td>\n",
       "      <td>0.565746</td>\n",
       "      <td>0.059677</td>\n",
       "      <td>0.089705</td>\n",
       "    </tr>\n",
       "    <tr>\n",
       "      <th>blk</th>\n",
       "      <td>0.359681</td>\n",
       "      <td>0.323635</td>\n",
       "      <td>0.093014</td>\n",
       "      <td>0.071685</td>\n",
       "      <td>0.208592</td>\n",
       "      <td>0.219833</td>\n",
       "      <td>0.253710</td>\n",
       "      <td>0.427868</td>\n",
       "      <td>0.279008</td>\n",
       "      <td>0.302398</td>\n",
       "      <td>1.000000</td>\n",
       "      <td>0.282119</td>\n",
       "      <td>0.305525</td>\n",
       "      <td>0.327460</td>\n",
       "      <td>0.040870</td>\n",
       "      <td>0.057937</td>\n",
       "    </tr>\n",
       "    <tr>\n",
       "      <th>tov</th>\n",
       "      <td>0.571614</td>\n",
       "      <td>0.597358</td>\n",
       "      <td>0.317428</td>\n",
       "      <td>0.368144</td>\n",
       "      <td>0.528711</td>\n",
       "      <td>0.573405</td>\n",
       "      <td>0.358716</td>\n",
       "      <td>0.552401</td>\n",
       "      <td>0.513564</td>\n",
       "      <td>0.437332</td>\n",
       "      <td>0.282119</td>\n",
       "      <td>1.000000</td>\n",
       "      <td>0.541756</td>\n",
       "      <td>0.601097</td>\n",
       "      <td>0.072378</td>\n",
       "      <td>0.123922</td>\n",
       "    </tr>\n",
       "    <tr>\n",
       "      <th>pf</th>\n",
       "      <td>0.522923</td>\n",
       "      <td>0.571171</td>\n",
       "      <td>0.225644</td>\n",
       "      <td>0.267658</td>\n",
       "      <td>0.476003</td>\n",
       "      <td>0.493461</td>\n",
       "      <td>0.428465</td>\n",
       "      <td>0.467832</td>\n",
       "      <td>0.267237</td>\n",
       "      <td>0.483737</td>\n",
       "      <td>0.305525</td>\n",
       "      <td>0.541756</td>\n",
       "      <td>1.000000</td>\n",
       "      <td>0.536502</td>\n",
       "      <td>0.071609</td>\n",
       "      <td>0.039457</td>\n",
       "    </tr>\n",
       "    <tr>\n",
       "      <th>pts</th>\n",
       "      <td>0.966394</td>\n",
       "      <td>0.907362</td>\n",
       "      <td>0.635650</td>\n",
       "      <td>0.620955</td>\n",
       "      <td>0.763005</td>\n",
       "      <td>0.754450</td>\n",
       "      <td>0.401699</td>\n",
       "      <td>0.740735</td>\n",
       "      <td>0.727088</td>\n",
       "      <td>0.565746</td>\n",
       "      <td>0.327460</td>\n",
       "      <td>0.601097</td>\n",
       "      <td>0.536502</td>\n",
       "      <td>1.000000</td>\n",
       "      <td>0.065863</td>\n",
       "      <td>0.195284</td>\n",
       "    </tr>\n",
       "    <tr>\n",
       "      <th>is_home</th>\n",
       "      <td>0.066253</td>\n",
       "      <td>0.072701</td>\n",
       "      <td>0.027789</td>\n",
       "      <td>0.038873</td>\n",
       "      <td>0.052662</td>\n",
       "      <td>0.051278</td>\n",
       "      <td>0.027864</td>\n",
       "      <td>0.057119</td>\n",
       "      <td>0.053442</td>\n",
       "      <td>0.059677</td>\n",
       "      <td>0.040870</td>\n",
       "      <td>0.072378</td>\n",
       "      <td>0.071609</td>\n",
       "      <td>0.065863</td>\n",
       "      <td>1.000000</td>\n",
       "      <td>0.133711</td>\n",
       "    </tr>\n",
       "    <tr>\n",
       "      <th>outcome</th>\n",
       "      <td>0.172311</td>\n",
       "      <td>0.114381</td>\n",
       "      <td>0.210615</td>\n",
       "      <td>0.186436</td>\n",
       "      <td>0.135378</td>\n",
       "      <td>0.125563</td>\n",
       "      <td>0.058309</td>\n",
       "      <td>0.070784</td>\n",
       "      <td>0.178771</td>\n",
       "      <td>0.089705</td>\n",
       "      <td>0.057937</td>\n",
       "      <td>0.123922</td>\n",
       "      <td>0.039457</td>\n",
       "      <td>0.195284</td>\n",
       "      <td>0.133711</td>\n",
       "      <td>1.000000</td>\n",
       "    </tr>\n",
       "  </tbody>\n",
       "</table>\n",
       "</div>"
      ],
      "text/plain": [
       "               fg       fga       fg3      fg3a        ft       fta       orb  \\\n",
       "fg       1.000000  0.924771  0.516578  0.499208  0.620659  0.628970  0.442771   \n",
       "fga      0.924771  1.000000  0.471456  0.538409  0.631335  0.646419  0.518774   \n",
       "fg3      0.516578  0.471456  1.000000  0.939150  0.348403  0.324435 -0.038045   \n",
       "fg3a     0.499208  0.538409  0.939150  1.000000  0.381268  0.374304  0.030935   \n",
       "ft       0.620659  0.631335  0.348403  0.381268  1.000000  0.960098  0.355776   \n",
       "fta      0.628970  0.646419  0.324435  0.374304  0.960098  1.000000  0.408786   \n",
       "orb      0.442771  0.518774 -0.038045  0.030935  0.355776  0.408786  1.000000   \n",
       "drb      0.751837  0.786488  0.374797  0.428674  0.530944  0.581953  0.449554   \n",
       "ast      0.719983  0.627902  0.566136  0.537532  0.435428  0.422638  0.129352   \n",
       "stl      0.552719  0.546022  0.278319  0.289630  0.470709  0.456276  0.301315   \n",
       "blk      0.359681  0.323635  0.093014  0.071685  0.208592  0.219833  0.253710   \n",
       "tov      0.571614  0.597358  0.317428  0.368144  0.528711  0.573405  0.358716   \n",
       "pf       0.522923  0.571171  0.225644  0.267658  0.476003  0.493461  0.428465   \n",
       "pts      0.966394  0.907362  0.635650  0.620955  0.763005  0.754450  0.401699   \n",
       "is_home  0.066253  0.072701  0.027789  0.038873  0.052662  0.051278  0.027864   \n",
       "outcome  0.172311  0.114381  0.210615  0.186436  0.135378  0.125563  0.058309   \n",
       "\n",
       "              drb       ast       stl       blk       tov        pf       pts  \\\n",
       "fg       0.751837  0.719983  0.552719  0.359681  0.571614  0.522923  0.966394   \n",
       "fga      0.786488  0.627902  0.546022  0.323635  0.597358  0.571171  0.907362   \n",
       "fg3      0.374797  0.566136  0.278319  0.093014  0.317428  0.225644  0.635650   \n",
       "fg3a     0.428674  0.537532  0.289630  0.071685  0.368144  0.267658  0.620955   \n",
       "ft       0.530944  0.435428  0.470709  0.208592  0.528711  0.476003  0.763005   \n",
       "fta      0.581953  0.422638  0.456276  0.219833  0.573405  0.493461  0.754450   \n",
       "orb      0.449554  0.129352  0.301315  0.253710  0.358716  0.428465  0.401699   \n",
       "drb      1.000000  0.521946  0.393297  0.427868  0.552401  0.467832  0.740735   \n",
       "ast      0.521946  1.000000  0.537288  0.279008  0.513564  0.267237  0.727088   \n",
       "stl      0.393297  0.537288  1.000000  0.302398  0.437332  0.483737  0.565746   \n",
       "blk      0.427868  0.279008  0.302398  1.000000  0.282119  0.305525  0.327460   \n",
       "tov      0.552401  0.513564  0.437332  0.282119  1.000000  0.541756  0.601097   \n",
       "pf       0.467832  0.267237  0.483737  0.305525  0.541756  1.000000  0.536502   \n",
       "pts      0.740735  0.727088  0.565746  0.327460  0.601097  0.536502  1.000000   \n",
       "is_home  0.057119  0.053442  0.059677  0.040870  0.072378  0.071609  0.065863   \n",
       "outcome  0.070784  0.178771  0.089705  0.057937  0.123922  0.039457  0.195284   \n",
       "\n",
       "          is_home   outcome  \n",
       "fg       0.066253  0.172311  \n",
       "fga      0.072701  0.114381  \n",
       "fg3      0.027789  0.210615  \n",
       "fg3a     0.038873  0.186436  \n",
       "ft       0.052662  0.135378  \n",
       "fta      0.051278  0.125563  \n",
       "orb      0.027864  0.058309  \n",
       "drb      0.057119  0.070784  \n",
       "ast      0.053442  0.178771  \n",
       "stl      0.059677  0.089705  \n",
       "blk      0.040870  0.057937  \n",
       "tov      0.072378  0.123922  \n",
       "pf       0.071609  0.039457  \n",
       "pts      0.065863  0.195284  \n",
       "is_home  1.000000  0.133711  \n",
       "outcome  0.133711  1.000000  "
      ]
     },
     "execution_count": 4,
     "metadata": {},
     "output_type": "execute_result"
    }
   ],
   "source": [
    "# ml.matrix_feature_correlations(data_30)\n",
    "ml.matrix_feature_correlations(data_30_unadj)"
   ]
  },
  {
   "cell_type": "code",
   "execution_count": 3,
   "metadata": {},
   "outputs": [
    {
     "data": {
